1		
1	1	1
2	6	1
2	13	1
3	3	1
2		
1	1	2
3	6	2
4	10	2
3		
1	1	1
1	6	1
2	1	1
2	2	2
3	6	2
3	7	1
4	10	2
4		
1	1	2
2	1	2
2	2	2
3	6	2
3	10	2
5		
1	1	1
3	6	1
3	10	1
4	10	1
6		
1	1	2
2	9	2
3	7	2
7		
1	1	2
2	9	2
3	7	2
3	10	1
8		
1	1	1
2	1	1
2	2	1
2	13	1
3	3	1
3	4	1
4	10	1
9		
1	1	2
2	2	2
10		
1	1	2
2	1	2
2	2	2
3	9	2
11		
1	1	2
2	1	2
2	2	2
3	9	2
12		
1	1	2
3	1	2
3	6	2
13		
1	1	2
1	4	2
3	4	2
3	6	2
14		
1	1	2
2	1	2
2	4	2
3	1	2
3	6	1
3	7	2
4	11	1
15		
1	1	2
2	1	1
2	6	2
3	1	1
3	6	2
16		
1	1	1
3	1	1
3	6	1
17		
1	1	2
3	1	2
3	12	2
18		
1	1	2
3	6	2
4	12	1
19		
1	1	1
3	5	1
3	6	1
20		
1	1	1
3	1	1
3	6	1
3	8	1
4	11	1
21		
1	1	2
2	1	2
2	2	2
2	13	2
3	10	2
4	10	2
22		
1	1	2
2	4	2
3	3	2
3	6	1
23		
1	1	1
1	4	1
2	1	2
2	2	2
2	4	2
3	1	2
3	2	1
24		
1	1	1
2	2	1
2	4	1
3	1	1
3	6	1
25		
1	1	2
3	6	2
26		
1	1	2
2	1	2
2	2	2
2	13	2
3	6	2
3	7	2
4	10	2
27		
1	1	2
2	6	2
2	13	2
3	1	1
3	6	2
28		
1	1	1
1	4	1
2	13	2
29		
1	1	2
2	2	2
2	13	2
30		
1	1	2
2	1	2
2	2	2
2	13	2
3	6	2
4	10	2
31		
1	1	2
2	4	2
3	6	2
32		
1	1	2
2	4	2
3	6	2
33		
1	1	2
2	13	2
3	1	2
3	6	2
3	12	2
34		
1	1	2
3	1	1
3	10	2
3	11	1
4	10	1
35		
1	1	2
2	1	2
2	2	1
3	6	1
3	10	2
36		
1	1	2
2	6	1
3	1	2
4	10	1
37		
1	1	2
2	1	2
2	2	2
3	1	2
38		
1	1	1
2	2	1
3	1	1
39		
1	1	2
2	2	2
3	6	2
4	11	2
40		
1	1	1
1	3	1
2	2	2
2	13	2
3	6	2
41		
1	1	2
2	1	2
2	2	2
2	13	1
3	6	2
42		
1	1	2
2	13	1
3	2	2
3	4	2
3	6	2
43		
1	1	2
2	1	2
2	2	2
3	6	1
3	9	2
44		
1	1	2
2	1	2
2	2	2
3	2	2
45		
1	1	2
2	11	2
3	6	2
4	3	2
46		
1	1	2
2	1	2
2	2	2
3	1	2
4	5	1
47		
1	1	2
2	2	1
2	13	2
3	1	1
48		
1	1	2
2	13	2
3	9	2
49		
1	1	1
2	2	1
3	2	1
50		
1	1	1
2	1	1
2	2	1
3	1	1
3	4	1
3	6	1
51		
1	1	2
2	2	2
3	6	2
52		
1	1	2
3	6	2
4	10	1
53		
1	1	1
2	1	1
2	2	1
3	1	1
3	4	1
3	6	1
3	11	1
4	10	1
4	12	1
4	13	1
54		
1	1	2
2	2	2
3	6	2
4	10	2
4	16	2
55		
1	1	1
2	1	1
2	2	1
3	6	1
3	7	1
56		
1	1	2
3	2	1
3	4	1
3	6	1
3	8	1
4	10	2
4	12	1
57		
1	1	1
2	1	1
2	2	1
3	11	1
4	10	1
58		
1	1	2
2	13	2
3	6	2
59		
1	1	2
2	4	2
3	3	2
60		
1	1	2
2	4	2
3	4	2
3	6	2
4	11	2
61		
1	1	1
2	10	1
3	1	1
3	6	1
62		
1	1	2
2	2	2
3	12	2
63		
1	1	2
2	2	2
2	4	2
3	1	1
3	3	2
64		
1	1	2
2	2	1
2	5	1
3	6	2
65		
1	1	2
2	4	2
3	1	2
3	6	2
66		
1	1	2
2	4	2
3	3	2
67		
1	1	1
2	4	1
3	1	1
3	4	1
3	6	1
68		
1	1	2
2	1	2
2	2	2
3	5	1
3	10	2
4	10	2
69		
1	1	2
3	12	2
70		
1	1	2
2	9	2
3	6	1
3	10	2
71		
1	1	2
2	4	2
3	3	1
72		
1	1	2
2	4	2
3	6	2
73		
1	1	2
2	1	1
2	2	2
2	8	2
3	10	2
4	10	1
74		
1	1	1
2	10	1
75		
1	1	2
3	6	1
4	10	1
76		
1	1	2
3	12	2
77		
1	1	2
2	9	2
3	1	2
3	6	2
78		
1	1	2
2	4	2
3	6	2
79		
1	1	1
3	1	1
4	10	1
80		
1	1	2
2	4	2
3	3	1
81		
1	1	1
2	1	2
2	13	2
3	6	1
3	8	1
4	13	1
82		
1	1	1
2	5	2
2	13	1
3	2	2
4	10	2
83		
1	1	2
2	13	2
3	11	2
84		
1	1	2
2	1	2
2	3	2
2	13	2
3	6	1
85		
1	1	2
3	5	1
3	6	2
4	12	1
86		
1	1	2
3	6	2
87		
1	1	2
2	2	2
2	6	1
3	6	2
88		
1	1	2
2	10	2
3	6	2
4	11	2
89		
1	1	2
2	4	2
3	6	2
90		
1	1	2
2	10	2
3	6	2
91		
1	1	2
2	4	2
3	6	2
92		
1	1	2
2	13	2
3	3	2
3	6	2
93		
1	1	1
2	2	1
3	6	1
4	11	1
94		
1	1	1
2	2	1
3	6	1
95		
1	1	2
2	4	2
3	6	1
96		
1	1	1
2	3	1
2	4	1
3	6	1
97		
1	1	2
3	10	2
4	2	2
98		
1	1	2
2	1	2
2	2	2
3	6	2
99		
1	1	2
2	4	2
3	1	1
3	6	2
100		
1	1	2
2	11	2
3	6	2
4	3	2
4	9	2
101		
1	1	1
2	4	1
3	1	1
3	6	1
102		
1	1	2
2	10	2
3	6	2
4	11	2
103		
1	1	1
2	4	1
3	1	1
3	3	1
3	4	1
3	6	1
104		
1	1	2
1	8	2
2	2	2
3	6	2
105		
1	1	2
2	4	2
3	1	1
3	5	1
3	6	2
106		
1	1	1
2	4	1
3	1	1
3	3	1
3	4	1
3	6	1
107		
1	1	2
2	1	2
2	4	2
3	6	2
108		
1	1	2
2	4	2
3	3	1
109		
1	1	1
2	4	1
3	1	1
3	3	1
3	4	1
3	6	1
110		
1	1	2
2	4	2
3	6	2
111		
1	1	2
1	4	2
2	1	2
2	2	2
3	6	2
112		
1	1	2
2	2	2
3	5	1
3	6	1
113		
1	1	2
2	4	2
3	6	2
4	11	2
114		
1	1	1
2	1	1
2	4	1
3	6	1
115		
1	1	1
1	4	1
2	1	2
2	2	2
3	1	1
116		
1	1	2
2	2	2
3	6	2
117		
1	1	2
2	4	2
3	3	1
118		
1	1	2
2	2	2
2	3	2
3	6	2
119		
1	1	1
3	1	1
3	6	1
120		
1	1	2
2	5	1
3	1	2
121		
1	1	2
2	1	2
2	2	2
2	13	2
3	1	2
122		
1	1	2
3	12	2
123		
1	1	2
2	1	2
2	2	2
2	13	2
3	1	2
124		
1	1	2
2	2	2
3	2	2
125		
1	1	1
4	10	2
126		
1	1	2
2	1	2
2	2	2
3	10	2
127		
1	1	2
3	7	2
4	10	2
128		
1	1	1
3	2	1
3	8	1
4	10	1
4	12	1
129		
1	1	2
3	10	1
3	12	2
130		
1	1	2
2	13	2
3	5	2
131		
1	1	2
3	1	2
3	6	2
132		
1	1	1
3	6	1
3	12	1
133		
1	1	1
2	6	1
3	6	1
134		
1	1	2
2	1	2
2	2	2
2	5	2
2	13	2
3	1	2
3	5	2
135		
1	1	2
2	5	1
3	1	2
136		
1	1	2
2	13	2
3	6	2
4	10	2
137		
1	1	2
3	6	2
138		
1	1	2
3	1	2
3	5	1
139		
1	1	2
2	6	1
3	1	2
3	6	2
140		
1	1	1
2	6	1
3	1	1
3	3	1
3	4	1
3	5	1
3	6	1
3	12	1
141		
1	1	2
3	1	2
3	5	1
142		
1	1	2
2	4	2
3	6	2
4	1	2
143		
1	1	2
3	1	2
3	12	1
144		
1	1	2
3	5	2
4	15	2
145		
1	1	2
3	1	2
3	12	1
146		
1	1	1
3	5	1
147		
1	1	2
3	1	2
148		
1	1	1
2	1	1
2	2	1
3	5	1
149		
1	1	2
2	6	2
2	13	2
3	1	2
150		
1	1	2
2	1	2
2	2	2
2	13	2
3	1	2
151		
1	1	1
3	5	2
152		
1	1	2
2	13	2
3	5	2
153		
1	1	1
2	3	1
3	5	1
154		
1	1	2
2	1	2
2	13	1
3	5	2
155		
1	1	2
2	1	2
2	2	2
2	13	2
3	1	2
156		
1	1	1
2	13	1
3	11	1
157		
1	1	2
1	6	1
3	1	2
3	5	2
158		
1	1	2
3	2	2
159		
1	1	1
2	2	1
3	1	1
160		
1	1	2
3	10	2
4	2	2
161		
1	1	1
3	1	1
162		
1	1	2
2	6	2
3	1	2
163		
1	1	2
3	5	2
164		
1	1	2
3	5	2
3	9	2
165		
1	1	2
2	1	2
2	2	2
2	13	2
3	1	2
3	5	2
4	10	2
166		
1	1	2
2	1	2
2	2	2
3	1	2
167		
1	1	1
2	1	1
2	2	1
3	1	1
168		
1	1	1
2	1	1
2	2	1
2	13	1
3	4	1
3	6	1
3	11	1
4	10	1
4	12	1
169		
1	1	2
3	12	2
170		
1	1	2
2	13	2
3	10	2
4	2	2
171		
1	1	2
2	2	2
3	1	1
3	3	1
3	5	1
172		
1	1	2
2	1	2
2	2	2
3	8	2
3	9	2
4	4	1
173		
1	1	2
2	2	2
3	4	2
174		
1	1	1
2	1	1
2	2	1
3	5	1
175		
1	1	2
2	6	2
3	1	2
176		
1	1	2
3	1	2
177		
1	1	2
2	6	1
3	1	1
3	10	1
178		
1	1	1
2	1	1
2	9	1
3	5	1
179		
1	1	2
2	2	2
3	6	2
3	12	1
180		
1	1	2
2	1	2
2	4	2
3	1	2
181		
1	1	2
2	1	2
2	2	2
3	1	2
182		
1	1	2
2	4	2
2	6	1
3	1	2
183		
1	1	2
3	1	2
184		
1	1	1
2	1	1
2	2	1
3	5	1
185		
1	1	2
3	6	2
186		
1	1	2
2	1	2
2	2	2
3	8	2
187		
1	1	2
2	2	2
3	2	2
188		
1	1	2
3	2	1
4	10	1
189		
1	1	2
2	2	2
3	9	2
190		
1	1	2
2	1	2
3	7	2
3	8	2
4	10	2
191		
1	1	2
3	2	2
4	10	2
192		
1	1	2
2	1	2
2	2	2
3	8	2
193		
1	1	2
3	7	2
3	10	2
4	10	2
194		
1	1	1
2	2	1
3	3	1
3	10	1
4	10	1
195		
1	1	2
3	9	2
196		
1	1	1
3	2	1
197		
1	1	2
3	9	2
4	2	2
198		
1	1	2
2	1	2
2	2	2
3	10	2
199		
1	1	2
3	2	2
4	10	1
200		
1	1	1
2	1	1
2	2	1
3	2	1
3	11	1
201		
1	1	1
2	1	2
2	2	2
3	8	2
3	9	1
4	10	1
202		
1	1	2
2	1	2
3	10	2
203		
1	1	1
2	2	1
2	9	1
3	7	1
204		
1	1	2
2	1	2
2	2	2
2	9	1
3	7	2
205		
1	1	2
3	8	2
206		
1	1	2
3	8	1
3	9	2
3	10	1
4	10	2
207		
1	1	2
2	1	2
2	2	2
3	2	1
3	10	2
208		
1	1	2
1	4	1
3	6	2
209		
1	1	1
2	1	1
2	2	1
3	4	1
3	5	1
3	9	1
210		
1	1	2
2	13	2
3	2	2
211		
1	1	2
1	4	2
3	9	2
3	11	2
212		
1	1	2
213		
1	1	2
3	5	2
214		
1	1	2
2	1	2
2	2	2
2	13	2
3	1	2
3	2	1
215		
1	1	2
2	1	2
2	2	2
3	2	1
3	8	1
216		
1	1	2
2	2	2
3	8	2
217		
1	1	2
2	2	2
3	9	2
4	8	2
218		
1	1	1
2	1	1
2	2	1
3	2	1
3	9	1
219		
1	1	2
3	2	2
3	9	1
220		
1	1	2
2	2	2
3	2	2
221		
1	1	2
2	2	2
3	1	2
3	2	2
3	7	2
3	9	2
222		
1	1	2
2	1	2
3	5	2
223		
1	1	1
2	1	1
2	2	1
3	2	1
224		
1	1	2
3	3	2
225		
1	1	2
2	1	2
2	2	2
3	2	2
3	4	2
4	12	2
4	16	2
226		
1	1	2
1	5	2
2	2	2
3	8	2
227		
1	1	2
1	4	2
2	1	2
2	2	2
3	2	2
228		
1	1	2
1	4	2
3	7	2
229		
1	1	1
2	1	1
2	2	1
3	4	1
3	9	1
230		
1	1	2
2	1	2
2	13	1
3	9	2
231		
1	1	2
2	1	2
3	7	2
3	8	2
232		
1	1	1
2	1	1
2	2	1
3	5	1
233		
1	1	2
2	2	2
3	2	2
3	12	1
234		
1	1	2
2	2	2
3	2	2
235		
1	1	2
1	6	2
2	1	2
2	2	2
2	13	2
3	4	2
3	6	2
4	10	2
236		
1	1	2
2	13	2
3	9	2
237		
1	1	2
2	1	2
2	2	2
3	1	2
238		
1	1	2
2	1	1
2	2	2
2	13	1
3	7	2
239		
1	1	2
2	2	2
3	8	2
240		
1	1	2
2	1	2
2	2	2
3	1	1
3	2	2
3	9	1
4	10	1
241		
1	1	2
3	1	2
4	10	1
242		
1	1	2
2	1	2
3	3	2
243		
1	1	2
2	2	2
3	1	2
244		
1	1	2
3	3	2
245		
1	1	1
1	4	1
3	3	1
246		
1	1	2
2	1	1
2	2	1
3	8	1
247		
1	1	2
2	1	2
2	2	2
3	1	2
3	5	2
4	14	2
248		
1	1	1
2	1	1
2	2	1
3	4	1
3	5	1
249		
1	1	1
2	1	1
2	2	1
3	1	1
3	9	1
4	1	1
250		
1	1	1
3	2	1
3	4	1
251		
1	1	2
2	2	2
3	3	2
252		
1	1	2
2	1	2
2	2	2
3	2	2
253		
1	1	2
2	13	1
3	1	1
254		
1	1	2
1	4	2
2	2	2
3	3	2
3	4	2
4	11	2
4	12	2
255		
1	1	2
2	2	2
3	1	2
4	6	2
256		
1	1	1
2	1	1
2	2	1
3	4	1
257		
1	1	2
2	1	2
2	2	2
2	13	1
3	5	2
258		
1	1	2
2	1	2
2	2	1
3	2	2
3	9	2
259		
1	1	2
2	2	2
2	13	1
260		
1	1	2
2	1	2
3	7	2
261		
1	1	1
2	1	1
2	2	1
2	7	1
3	8	1
4	3	1
262		
1	1	2
2	1	2
2	2	2
3	9	2
263		
1	1	2
2	2	2
2	3	2
3	1	2
264		
1	1	2
2	13	2
3	6	2
4	10	1
265		
1	1	2
2	1	2
2	2	2
3	1	2
3	6	2
266		
1	1	2
2	1	2
2	2	2
3	1	2
267		
1	1	2
2	1	1
2	2	2
3	7	2
268		
1	1	1
2	1	1
2	2	1
3	2	1
3	4	1
269		
1	1	2
2	1	2
2	2	2
3	3	2
270		
1	1	1
2	1	1
2	2	1
3	5	1
271		
1	1	1
2	7	1
3	6	1
272		
1	1	2
2	1	2
2	2	2
3	5	2
3	11	2
273		
1	1	1
2	1	1
2	2	1
3	8	1
3	9	1
274		
1	1	2
2	1	2
3	4	2
275		
1	1	2
2	1	2
2	13	2
3	3	2
276		
1	1	2
2	3	2
3	8	2
277		
1	1	2
2	1	2
2	2	2
2	3	1
2	13	2
3	1	2
278		
1	1	2
2	1	2
2	2	2
3	2	2
279		
1	1	2
2	3	2
3	8	2
280		
1	1	2
2	1	2
2	2	2
3	4	2
281		
1	1	2
2	1	2
2	2	2
3	9	2
282		
1	1	1
2	13	1
3	8	1
283		
1	1	2
2	1	2
2	2	2
2	3	1
2	13	2
3	5	1
3	9	1
284		
1	1	2
3	5	2
285		
1	1	2
2	2	2
3	2	2
286		
1	1	1
2	1	1
2	2	1
3	1	1
3	6	1
287		
1	1	2
2	1	2
2	2	2
3	4	1
3	8	2
288		
1	1	2
2	2	2
289		
1	1	1
2	2	1
3	2	1
290		
1	1	2
1	4	2
2	2	2
3	5	2
291		
1	1	2
2	3	2
2	13	2
3	2	2
3	8	2
292		
1	1	1
2	4	1
3	4	1
3	5	1
4	1	1
293		
1	1	1
2	1	2
2	2	2
3	3	2
294		
1	1	1
3	2	1
3	4	1
3	7	1
295		
1	1	2
2	2	2
3	6	2
296		
1	1	2
2	13	2
3	6	2
297		
1	1	1
2	1	1
2	2	1
2	6	1
3	1	1
3	2	1
3	6	1
3	11	1
4	2	1
4	10	1
4	11	1
298		
1	1	2
2	2	2
3	1	2
299		
1	1	2
2	2	2
3	3	2
300		
1	1	2
2	2	2
3	5	2
3	11	2
301		
1	1	1
2	1	1
2	2	1
3	5	1
302		
1	1	2
2	1	2
2	2	2
2	4	1
2	13	2
3	1	1
3	6	2
303		
1	1	2
2	2	2
3	5	2
304		
1	1	1
2	1	1
2	2	1
3	2	1
3	10	1
305		
1	1	2
2	13	2
3	1	2
3	6	2
306		
1	1	2
2	2	2
3	1	2
3	6	2
307		
1	1	2
2	2	2
3	8	2
308		
1	1	2
2	1	2
2	2	2
3	8	2
309		
1	1	2
2	1	2
2	2	2
3	8	2
310		
1	1	2
1	7	2
2	13	2
311		
1	1	2
2	2	2
3	6	2
3	8	2
312		
1	1	2
3	5	1
313		
1	1	2
1	4	2
2	2	2
2	13	2
3	9	2
314		
1	1	2
2	1	2
2	13	2
3	1	2
315		
1	1	2
2	1	2
2	2	2
3	2	2
316		
1	1	2
2	13	2
3	1	2
4	2	2
317		
1	1	1
2	2	1
2	4	1
3	3	1
4	1	1
318		
1	1	2
319		
1	1	2
2	1	2
2	2	2
3	2	2
3	5	2
320		
1	1	2
3	1	1
3	6	1
321		
1	1	2
2	1	2
2	2	2
3	1	2
3	6	2
322		
1	1	2
2	6	1
3	1	2
3	6	2
323		
1	1	2
2	2	2
3	6	2
324		
1	1	2
2	2	2
2	6	1
3	1	2
3	12	2
325		
1	1	4
2	1	4
2	2	4
3	1	3
3	6	3
326		
1	1	2
1	8	2
2	2	2
3	1	2
327		
1	1	2
2	2	2
2	13	2
3	1	2
328		
1	1	2
1	4	2
2	2	2
3	5	2
4	2	2
329		
1	1	2
2	4	2
3	6	2
330		
1	1	2
2	1	2
2	2	2
3	1	2
331		
1	1	2
2	2	2
3	6	1
3	8	2
332		
1	1	1
2	1	1
2	2	1
2	4	1
3	1	1
3	3	1
3	6	1
333		
1	1	2
2	1	1
3	2	1
3	8	2
4	9	1
334		
1	1	1
3	1	1
3	2	1
3	4	1
3	5	1
3	6	1
3	11	1
4	2	1
4	9	1
4	12	1
4	13	1
4	14	1
335		
1	1	2
2	2	2
3	8	2
336		
1	1	2
2	2	2
2	13	2
337		
1	1	2
2	1	2
2	2	2
3	1	2
3	6	2
338		
1	1	1
2	1	1
2	2	1
3	1	1
3	2	1
3	10	1
339		
1	1	2
2	2	2
3	1	2
3	6	1
340		
1	1	2
2	1	1
2	6	1
3	1	2
341		
1	1	2
2	2	2
2	6	2
3	5	2
3	8	2
342		
1	1	2
2	1	2
2	4	2
3	1	2
3	6	2
343		
1	1	2
2	1	2
344		
1	1	1
2	1	1
2	2	1
3	1	1
3	2	1
345		
1	1	2
3	1	2
3	6	1
346		
1	1	2
2	1	2
2	2	2
3	9	1
347		
1	1	1
2	1	1
2	2	1
3	1	1
348		
1	1	2
2	1	2
2	2	2
3	6	2
349		
1	1	2
2	13	2
3	6	2
350		
1	1	2
2	1	2
2	2	2
3	5	2
351		
1	1	2
2	8	1
3	1	1
3	10	1
352		
1	1	2
2	2	2
2	13	2
3	12	2
353		
1	1	2
1	3	1
2	13	1
3	6	2
4	9	1
354		
1	1	2
2	1	2
2	13	2
355		
1	1	1
2	1	1
2	2	1
2	4	1
3	1	1
3	3	1
3	6	1
356		
1	1	2
2	2	2
3	5	2
4	12	2
357		
1	1	2
2	2	2
2	13	1
3	7	2
358		
1	1	2
2	4	2
3	6	2
359		
1	1	2
1	4	2
2	2	1
3	3	2
3	4	2
360		
1	1	2
1	4	2
2	1	2
3	4	2
361		
1	1	2
2	1	2
3	9	2
362		
1	1	1
2	1	1
2	2	1
2	4	1
3	3	1
363		
1	1	2
2	2	2
3	5	2
364		
1	1	2
2	1	2
2	2	2
3	5	2
365		
1	1	2
2	1	2
2	2	2
3	4	2
366		
1	1	2
2	1	2
2	2	2
2	5	2
2	13	2
3	1	1
367		
1	1	2
2	1	2
2	4	2
3	5	1
368		
1	1	2
2	1	2
2	2	2
3	5	2
369		
1	1	2
2	13	2
3	6	2
370		
1	1	2
2	3	2
3	1	2
3	5	2
4	12	2
371		
1	1	2
2	2	2
3	9	2
372		
1	1	2
2	2	2
3	2	2
373		
1	1	2
1	5	2
3	5	2
4	10	1
374		
1	1	1
3	2	1
4	2	1
375		
1	1	2
2	2	2
3	5	2
376		
1	1	2
2	1	2
2	2	2
2	4	2
3	1	2
3	5	2
377		
1	1	2
2	2	2
3	9	2
378		
1	1	2
2	2	2
2	8	2
2	13	2
3	1	2
379		
1	1	2
2	1	2
2	2	2
2	4	2
3	1	2
380		
1	1	1
1	6	1
2	1	1
2	13	2
3	5	1
381		
1	1	1
2	1	1
2	2	1
3	5	1
382		
1	1	2
3	2	1
3	8	1
383		
1	1	2
2	2	2
3	2	2
384		
1	1	2
2	2	2
2	3	1
2	5	1
2	13	2
3	4	2
385		
1	1	2
2	2	2
2	13	1
3	3	2
3	5	2
386		
1	1	1
2	1	1
2	2	1
3	2	1
387		
1	1	1
1	4	1
2	1	2
2	2	2
3	11	1
388		
1	1	2
2	1	2
2	2	2
3	5	2
389		
1	1	2
1	6	2
2	1	2
2	2	2
2	13	2
3	5	2
390		
1	1	2
3	1	2
3	6	2
391		
1	1	1
2	3	1
2	13	1
3	2	1
392		
1	1	1
2	1	1
2	2	1
2	13	1
3	1	1
3	6	1
3	12	1
393		
1	1	2
2	4	2
3	3	2
394		
1	1	2
2	1	1
2	4	2
3	3	2
395		
1	1	2
2	2	2
3	5	2
396		
1	1	2
2	2	2
3	5	2
3	7	2
397		
1	1	2
2	1	2
2	2	2
3	9	2
4	19	1
398		
1	1	1
2	1	1
2	2	1
2	4	1
3	1	1
3	3	1
3	9	1
399		
1	1	1
3	5	1
400		
1	1	2
2	4	2
3	9	2
401		
1	1	2
1	5	1
2	1	2
2	2	2
3	5	2
402		
1	1	1
2	1	1
2	2	1
2	4	1
3	1	1
403		
1	1	2
2	1	2
2	2	2
3	6	1
3	9	2
4	10	1
404		
1	1	1
3	5	1
405		
1	1	2
3	10	2
4	12	2
406		
1	1	2
2	1	2
2	2	2
3	2	2
407		
1	1	2
2	2	2
3	3	2
3	9	2
3	10	1
408		
1	1	1
2	2	1
3	11	1
409		
1	1	2
1	4	2
2	2	2
3	1	2
410		
1	1	2
2	1	2
2	2	2
3	4	2
411		
1	1	2
2	4	2
3	3	2
412		
1	1	2
2	5	2
2	13	2
3	1	2
413		
1	1	1
3	1	1
3	2	1
3	6	1
3	12	1
414		
1	1	2
1	4	2
3	3	2
415		
1	1	2
2	2	2
3	3	2
3	4	2
4	12	2
416		
1	1	1
2	13	1
3	2	1
417		
1	1	1
2	4	1
3	6	1
418		
1	1	1
2	13	1
3	12	1
419		
1	1	2
1	6	2
2	2	1
3	2	2
3	4	2
420		
1	1	1
2	1	1
2	2	1
3	1	1
3	3	1
3	6	1
3	10	1
421		
1	1	2
2	2	2
2	13	2
3	3	2
3	6	2
4	10	2
422		
1	1	1
2	1	1
2	2	1
3	2	1
3	4	1
3	5	1
423		
1	1	2
2	1	2
2	2	2
3	7	2
424		
1	1	2
3	5	2
425		
1	1	2
3	10	1
426		
1	1	1
2	1	1
2	2	1
2	13	1
3	2	1
427		
1	1	1
2	1	1
2	2	1
2	4	1
3	4	1
428		
1	1	2
1	6	2
2	1	2
2	2	2
2	13	2
3	6	2
429		
1	1	1
2	1	1
2	2	1
3	2	1
4	11	1
430		
1	1	2
2	1	2
2	2	2
3	5	2
431		
1	1	1
3	3	1
3	5	1
432		
1	1	1
2	1	1
2	2	1
3	6	1
4	9	1
433		
1	1	2
2	1	2
2	2	2
3	7	2
434		
1	1	2
2	2	2
3	1	2
4	14	2
435		
1	1	1
3	7	1
436		
1	1	2
2	2	2
3	7	2
437		
1	1	1
2	1	1
2	2	1
2	3	1
3	5	1
438		
1	1	1
2	1	1
2	2	1
3	1	1
3	5	1
4	6	1
439		
1	1	1
2	2	1
2	9	1
3	5	1
440		
1	1	2
3	1	1
3	5	2
441		
1	1	1
2	1	1
2	2	1
3	8	1
442		
1	1	2
2	8	2
3	6	2
443		
1	1	1
2	1	1
2	2	1
3	1	1
3	6	1
4	16	1
444		
1	1	1
2	1	1
2	2	1
3	3	1
3	7	1
4	10	1
4	12	1
445		
1	1	2
3	1	2
3	6	2
3	12	1
446		
1	1	2
1	5	2
3	2	2
3	5	2
447		
1	1	2
2	2	2
3	2	2
448		
1	1	1
2	1	1
2	2	1
3	5	1
3	6	1
449		
1	1	2
2	2	2
3	2	2
450		
1	1	2
2	2	2
3	5	2
4	13	2
451		
1	1	1
2	1	1
2	2	1
3	1	1
3	2	1
452		
1	1	2
2	1	2
2	2	2
2	13	2
3	8	2
453		
1	1	1
2	1	1
2	2	1
3	8	1
454		
1	1	2
2	2	2
3	8	2
455		
1	1	2
3	5	2
456		
1	1	2
1	8	2
2	2	2
3	1	2
3	6	2
3	12	2
457		
1	1	2
2	1	2
3	6	2
458		
1	1	2
2	2	2
3	4	2
459		
1	1	2
2	1	2
2	4	2
3	1	1
3	5	2
3	6	2
460		
1	1	1
1	4	1
3	8	1
461		
1	1	2
2	1	2
2	2	2
2	13	2
3	7	2
462		
1	1	1
2	1	1
2	2	1
3	7	1
463		
1	1	2
2	2	2
3	1	2
3	6	2
4	6	2
464		
1	1	1
2	1	1
2	2	1
3	8	1
465		
1	1	1
2	1	1
2	2	1
3	2	1
466		
1	1	2
2	2	2
3	8	2
4	6	2
4	8	2
4	16	2
467		
1	1	2
2	1	1
3	7	2
468		
1	1	2
2	2	2
2	13	2
3	8	2
469		
1	1	1
2	1	1
2	2	1
3	7	1
3	8	1
470		
1	1	2
2	13	2
3	6	2
471		
1	1	2
2	2	2
3	2	2
472		
1	1	1
2	2	1
3	5	1
473		
1	1	1
2	1	1
2	2	1
2	13	1
3	1	1
3	2	1
3	5	1
3	11	1
474		
1	1	1
2	1	1
2	2	1
3	11	1
475		
1	1	1
2	2	1
3	2	1
476		
1	1	2
2	1	2
3	7	2
4	16	2
477		
1	1	1
2	1	1
2	2	1
3	7	1
4	10	1
4	12	1
478		
1	1	2
2	1	2
2	2	2
2	9	2
3	5	1
3	8	1
479		
1	1	1
1	4	1
2	1	1
3	12	1
480		
1	1	2
2	1	2
3	10	2
481		
1	1	1
1	3	1
2	1	2
2	2	2
3	2	1
482		
1	1	2
2	2	2
3	1	1
3	10	2
4	11	2
483		
1	1	2
2	1	2
2	2	2
3	8	2
484		
1	1	2
3	2	1
3	11	1
485		
1	1	2
2	2	2
3	10	2
486		
1	1	2
2	2	2
3	1	2
3	7	2
4	4	2
487		
1	1	1
2	1	1
2	2	1
2	13	1
3	6	1
488		
1	1	2
2	1	2
2	2	2
3	7	2
3	8	2
489		
1	1	1
2	1	1
2	2	1
2	4	1
2	9	1
3	3	1
3	6	1
490		
1	1	1
2	2	1
2	11	1
3	6	1
491		
1	1	1
2	11	1
3	6	1
492		
1	1	1
2	1	1
2	2	1
3	1	1
493		
1	1	2
3	8	2
494		
1	1	1
2	1	1
2	2	1
3	5	1
495		
1	1	1
2	1	1
2	2	1
3	4	1
3	6	1
496		
1	1	2
3	2	2
497		
1	1	2
3	9	2
498		
1	1	2
3	1	1
3	8	1
499		
1	1	1
1	4	1
2	1	2
2	2	2
2	7	1
2	13	2
3	4	1
500		
1	1	1
2	1	1
2	2	1
3	9	1
501		
1	1	2
2	1	2
2	10	1
3	7	2
502		
1	1	1
2	1	1
2	2	1
2	13	1
3	11	1
503		
1	1	2
2	1	2
2	5	1
2	6	1
2	9	1
3	1	1
504		
1	1	1
2	4	1
3	6	1
505		
1	1	1
2	1	1
2	2	1
3	2	1
506		
1	1	2
2	2	2
2	3	2
3	8	2
507		
1	1	2
2	1	2
2	4	2
3	3	1
508		
1	1	1
2	1	1
2	2	1
3	8	1
509		
1	1	2
2	1	2
2	2	2
3	1	2
3	5	2
510		
1	1	1
2	1	1
2	2	1
3	3	1
511		
1	1	1
2	1	1
2	2	1
3	2	1
4	13	1
512		
1	1	2
1	4	2
3	5	2
513		
1	1	2
2	1	2
2	2	2
3	8	2
3	12	1
514		
1	1	2
2	2	2
2	10	2
3	6	2
515		
1	1	2
2	1	2
2	2	2
3	9	2
516		
1	1	2
2	1	2
3	1	2
3	6	2
517		
1	1	2
3	6	2
518		
1	1	2
2	1	2
2	4	2
3	3	2
519		
1	1	1
2	2	1
2	9	1
3	6	1
520		
1	1	1
2	2	1
3	5	1
521		
1	1	2
2	8	2
2	13	2
3	5	2
3	6	2
522		
1	1	2
2	4	2
2	6	2
3	6	2
523		
1	1	2
2	5	2
2	13	1
3	1	2
524		
1	1	2
2	2	2
3	2	2
525		
1	1	2
2	1	2
2	13	2
3	2	2
3	5	2
526		
1	1	2
2	2	2
2	3	2
3	6	2
527		
1	1	2
2	4	2
3	1	2
3	6	2
528		
1	1	1
2	1	1
2	2	1
3	8	1
529		
1	1	2
2	1	2
2	4	2
2	9	2
3	6	2
530		
1	1	2
2	2	2
3	9	2
531		
1	1	2
2	1	2
2	2	2
3	1	2
3	6	2
4	10	1
532		
1	1	2
3	5	2
4	10	2
533		
1	1	1
2	1	1
2	2	1
3	7	1
534		
1	1	2
3	6	2
3	10	2
4	10	2
535		
1	1	2
2	2	2
3	1	1
3	6	1
536		
1	1	1
2	1	1
2	2	1
2	13	1
3	2	1
537		
1	1	2
2	4	1
3	1	2
4	1	2
538		
1	1	2
3	2	2
539		
1	1	2
3	1	2
3	5	2
540		
1	1	1
2	1	1
2	2	1
2	6	1
3	1	1
3	5	1
3	6	1
541		
1	1	1
1	4	1
1	5	1
2	1	1
2	2	1
2	13	1
3	6	1
542		
1	1	1
2	13	1
3	2	1
543		
1	1	1
2	1	1
2	2	1
3	5	1
544		
1	1	2
2	1	2
2	4	1
3	3	2
545		
1	1	3
1	4	3
2	1	4
2	2	3
2	9	3
3	7	3
4	10	2
546		
1	1	2
1	6	2
2	1	2
2	2	2
2	13	2
3	4	2
3	5	2
3	7	2
547		
1	1	2
1	6	2
2	1	1
3	1	2
548		
1	1	1
2	1	1
2	2	1
2	4	1
3	1	1
3	6	1
549		
1	1	1
1	4	1
550		
1	1	2
2	2	2
3	1	2
551		
1	1	2
3	6	2
552		
1	1	2
2	2	2
3	7	2
553		
1	1	1
2	1	1
2	2	1
3	5	1
554		
1	1	2
2	2	2
3	4	2
3	10	2
555		
1	1	2
3	5	2
3	6	2
4	4	1
556		
1	1	1
2	1	1
2	2	1
2	3	1
2	13	1
3	8	1
557		
1	1	2
2	13	2
3	3	2
3	4	2
3	6	1
558		
1	1	2
3	5	2
559		
1	1	2
2	1	2
2	2	2
3	1	2
560		
1	1	2
3	1	2
561		
1	1	2
3	4	2
4	12	2
562		
1	1	2
2	2	2
3	7	2
563		
1	1	1
2	2	1
2	13	1
3	11	1
564		
1	1	2
2	1	2
2	2	2
3	3	1
3	8	2
565		
1	1	1
1	3	1
1	4	1
2	1	2
566		
1	1	1
2	1	1
2	2	1
2	13	1
3	3	1
4	9	1
567		
1	1	2
2	1	2
2	2	2
3	8	2
568		
1	1	1
2	1	1
2	2	1
2	3	1
2	13	1
3	8	1
4	4	1
569		
1	1	1
2	1	1
2	2	1
2	3	1
3	8	1
570		
1	1	2
3	8	2
4	6	2
571		
1	1	2
2	2	2
3	4	2
4	12	2
572		
1	1	2
2	2	2
3	7	2
573		
1	1	2
2	2	2
3	2	2
574		
1	1	2
2	4	2
3	3	2
575		
1	1	2
2	4	2
3	6	2
576		
1	1	2
2	4	2
3	6	2
577		
1	1	2
2	2	1
2	10	2
3	1	2
3	6	2
578		
1	1	2
2	4	2
3	6	2
579		
1	1	2
2	1	2
2	2	2
2	4	2
3	6	2
580		
1	1	2
2	2	2
2	4	2
3	6	1
581		
1	1	2
2	2	1
2	4	2
3	1	2
3	6	2
582		
1	1	2
2	4	2
3	1	2
3	6	2
583		
1	1	2
2	4	2
3	6	1
584		
1	1	1
2	1	1
2	2	1
2	4	1
3	4	1
3	6	1
4	9	1
4	19	1
585		
1	1	2
2	4	2
3	6	1
586		
1	1	2
2	10	2
3	6	2
587		
1	1	2
2	4	2
3	6	1
588		
1	1	2
2	13	2
3	5	2
589		
1	1	1
3	1	1
3	12	1
590		
1	1	2
3	1	1
3	5	2
3	13	1
591		
1	1	1
3	1	1
3	12	1
592		
1	1	2
3	1	2
3	6	2
593		
1	1	2
3	1	1
3	11	2
594		
1	1	2
2	4	2
3	1	1
3	6	2
595		
1	1	1
2	2	1
2	4	1
3	3	2
4	16	2
4	19	2
596		
1	1	2
2	2	2
2	4	1
3	10	2
597		
1	1	2
2	4	2
3	6	2
598		
1	1	2
2	2	2
2	4	2
3	6	2
599		
1	1	1
2	1	1
2	2	1
2	4	1
3	3	1
600		
1	1	1
2	1	1
2	2	1
2	4	1
3	3	1
601		
1	1	2
2	1	2
2	3	2
3	6	2
4	9	2
602		
1	1	2
2	4	2
3	6	2
603		
1	1	1
1	6	1
2	13	1
3	8	2
604		
1	1	2
2	2	2
3	4	2
3	8	2
605		
1	1	1
2	1	1
2	2	1
3	8	1
606		
1	1	2
2	1	2
2	2	2
2	5	1
2	13	2
3	2	1
607		
1	1	1
2	2	1
3	8	1
608		
1	1	1
1	4	1
609		
1	1	2
2	2	2
3	6	2
610		
1	1	1
3	2	1
611		
1	1	2
2	1	2
2	2	2
3	4	2
612		
1	1	1
2	1	1
2	2	1
3	8	1
4	12	1
613		
1	1	2
3	8	2
614		
1	1	2
2	4	2
3	4	2
3	7	2
615		
1	1	1
2	1	1
2	2	1
3	2	1
616		
1	1	4
2	1	4
2	2	4
3	7	4
4	10	3
617		
1	1	2
2	7	2
3	2	2
618		
1	1	2
1	6	2
2	8	2
3	10	2
619		
1	1	1
2	1	1
2	2	1
2	13	1
3	6	1
620		
1	1	1
3	1	1
3	5	1
621		
1	1	2
2	3	2
3	8	2
622		
1	1	2
2	2	2
2	7	2
3	9	2
623		
1	1	1
2	1	1
2	4	1
3	1	1
3	6	1
624		
1	1	1
1	7	1
2	13	2
3	2	1
625		
1	1	1
2	1	1
2	2	1
3	10	1
626		
1	1	1
2	2	1
3	1	1
3	4	1
3	8	1
627		
1	1	1
3	4	1
628		
1	1	2
1	6	2
2	2	2
2	13	2
3	4	2
3	6	2
629		
1	1	2
2	1	2
2	2	2
3	6	2
630		
1	1	2
2	1	2
3	2	1
3	8	1
631		
1	1	1
1	6	1
3	10	2
4	10	1
632		
1	1	1
3	10	1
4	10	1
633		
1	1	1
2	1	1
2	2	1
3	7	1
634		
1	1	2
2	1	2
2	2	2
3	5	2
635		
1	1	2
1	6	2
2	3	2
3	7	2
636		
1	1	2
3	2	2
3	12	2
4	10	2
637		
1	1	1
2	1	1
2	2	1
3	9	1
638		
1	1	1
1	3	1
2	1	2
2	2	2
3	9	1
4	5	1
4	10	1
639		
1	1	2
2	2	2
3	9	2
4	10	2
640		
1	1	2
1	3	2
2	1	2
2	2	2
4	10	2
641		
1	1	1
1	6	1
2	8	2
2	13	2
3	8	1
642		
1	1	1
3	10	1
4	10	1
643		
1	1	2
2	13	2
3	1	1
3	9	1
3	10	1
644		
1	1	1
1	6	1
3	10	1
4	10	1
4	18	1
645		
1	1	2
2	8	2
2	13	2
3	10	2
646		
1	1	1
2	13	1
3	8	1
647		
1	1	2
1	4	1
2	1	2
2	2	2
2	13	2
3	1	1
3	9	1
4	10	2
648		
1	1	2
3	2	2
4	10	2
4	11	2
4	13	2
649		
1	1	2
3	1	2
650		
1	1	1
3	5	1
651		
1	1	2
1	6	2
2	13	2
3	1	2
652		
1	1	1
3	1	1
3	8	1
653		
1	1	2
2	1	2
2	2	2
3	1	2
4	12	2
654		
1	1	2
2	3	2
3	8	2
655		
1	1	1
2	1	1
2	2	1
3	6	1
656		
1	1	1
2	1	1
2	2	1
2	13	1
3	10	1
4	10	1
657		
1	1	2
3	1	2
3	6	2
658		
1	1	1
2	1	1
2	2	1
3	10	1
659		
1	1	2
3	12	2
660		
1	1	2
2	1	2
2	2	2
2	13	2
3	1	2
3	6	2
4	10	2
661		
1	1	1
2	1	1
2	2	1
3	6	1
3	10	1
662		
1	1	2
3	2	2
663		
1	1	1
2	1	1
2	2	1
3	1	1
4	13	1
664		
1	1	2
2	1	2
2	2	2
2	13	2
3	7	2
4	6	2
665		
1	1	2
2	2	1
3	6	2
3	10	2
666		
1	1	2
2	1	1
2	2	1
3	7	2
4	10	2
667		
1	1	2
2	6	2
3	11	2
668		
1	1	2
2	6	2
3	10	2
4	12	2
669		
1	1	2
3	1	2
670		
1	1	2
2	1	2
2	2	2
3	8	2
4	10	2
671		
1	1	1
1	4	1
2	2	1
4	10	2
672		
1	1	1
1	3	1
2	13	1
3	7	1
4	5	1
673		
1	1	1
3	7	1
674		
1	1	2
3	7	2
4	10	1
675		
1	1	1
3	8	1
676		
1	1	1
3	7	1
677		
1	1	2
3	7	2
3	10	1
678		
1	1	2
3	7	2
3	10	2
679		
1	1	1
2	13	1
4	10	1
4	12	1
680		
1	1	2
2	1	2
2	4	2
2	13	1
3	10	2
681		
1	1	1
2	1	1
2	2	1
2	13	1
3	8	1
682		
1	1	2
4	10	2
683		
1	1	1
2	9	1
3	7	1
684		
1	1	1
2	1	1
2	2	1
3	8	1
685		
1	1	1
2	1	1
2	2	1
3	8	1
686		
1	1	1
3	10	1
687		
1	1	2
2	1	2
2	2	2
2	4	2
3	2	2
3	7	1
688		
1	1	2
2	2	2
3	8	2
689		
1	1	1
2	1	1
2	2	1
3	10	1
690		
1	1	2
1	5	2
3	8	2
3	10	2
4	10	2
691		
1	1	2
2	13	2
3	8	1
4	10	1
692		
1	1	2
2	1	2
2	2	2
3	1	2
3	6	1
3	10	1
693		
1	1	2
2	1	2
2	2	2
2	13	2
3	6	2
3	10	2
4	10	2
694		
1	1	2
2	4	2
3	6	2
695		
1	1	2
2	13	2
3	2	2
4	10	2
696		
1	1	1
1	6	1
2	13	1
3	1	1
3	2	1
697		
1	1	1
2	1	1
2	2	1
3	6	1
3	10	1
4	10	1
4	11	1
698		
1	1	1
2	1	1
2	2	1
3	10	1
699		
1	1	2
2	2	2
3	10	2
4	10	1
700		
1	1	2
1	8	2
2	2	2
3	7	2
3	8	2
4	10	2
701		
1	1	2
2	2	2
3	10	1
4	6	2
702		
1	1	2
2	1	2
2	2	2
2	8	1
2	13	2
3	10	2
4	10	2
703		
1	1	2
3	6	2
3	12	2
704		
1	1	2
2	1	2
2	2	2
3	2	1
3	9	1
705		
1	1	2
2	4	2
3	6	2
706		
1	1	2
2	8	2
2	13	2
3	6	2
707		
1	1	2
2	8	2
3	10	2
4	10	1
4	19	2
708		
1	1	1
1	5	1
3	2	1
3	10	1
4	10	2
4	12	1
709		
1	1	1
2	2	1
2	8	1
2	13	1
3	6	1
710		
1	1	1
2	5	1
2	9	1
2	13	1
3	1	1
3	6	1
3	13	1
711		
1	1	1
2	1	1
2	2	1
3	6	1
3	10	1
712		
1	1	2
3	10	2
4	12	2
713		
1	1	2
2	2	2
3	10	2
714		
1	1	2
2	1	2
2	8	2
2	13	2
3	6	2
715		
1	1	1
2	1	1
2	2	1
3	10	1
3	11	1
716		
1	1	2
2	1	2
2	2	2
2	13	1
3	8	1
4	10	2
717		
1	1	2
2	1	2
2	4	2
3	6	2
4	19	1
718		
1	1	1
2	1	1
2	4	1
3	1	1
719		
1	1	2
2	13	2
3	2	2
4	10	2
720		
1	1	2
2	13	2
3	2	2
721		
1	1	2
2	1	2
2	2	2
2	13	2
3	1	2
3	2	2
3	6	2
4	2	1
722		
1	1	2
2	2	2
2	13	2
3	7	2
4	16	2
723		
1	1	1
2	1	1
2	2	1
3	6	1
4	11	1
724		
1	1	1
1	6	1
3	2	1
3	6	1
4	10	1
725		
1	1	1
2	2	1
2	8	1
3	6	1
726		
1	1	2
2	1	2
2	2	2
3	2	2
727		
1	1	1
2	2	1
3	10	1
728		
1	1	2
3	8	2
729		
1	1	2
1	8	2
2	2	2
3	6	2
730		
1	1	2
3	7	2
4	10	1
731		
1	1	1
2	1	1
2	2	1
3	1	1
3	6	1
3	8	1
732		
1	1	1
1	2	1
2	1	1
2	12	1
4	10	1
4	19	1
733		
1	1	2
3	8	2
3	10	2
4	10	2
4	11	2
734		
1	1	1
2	13	1
3	7	1
735		
1	1	2
2	13	2
3	7	2
736		
1	1	1
2	1	2
2	2	2
3	2	1
4	10	1
737		
1	1	2
2	4	1
3	6	1
738		
1	1	2
3	1	2
739		
1	1	1
2	4	1
3	6	1
740		
1	1	2
2	10	2
3	3	2
3	7	2
741		
1	1	1
1	6	1
3	1	1
3	6	2
3	10	2
4	10	2
742		
1	1	1
2	13	1
3	6	1
743		
1	1	2
2	2	2
2	9	2
3	7	2
744		
1	1	2
2	4	2
3	3	2
3	6	2
4	11	1
745		
1	1	1
2	4	1
3	1	1
3	6	1
746		
1	1	1
2	4	1
3	6	1
747		
1	1	1
2	4	1
3	1	1
3	6	1
748		
1	1	2
2	2	2
2	10	2
3	3	2
3	8	2
749		
1	1	2
2	1	2
2	2	2
3	1	1
3	7	2
3	10	1
4	10	2
750		
1	1	1
3	2	1
751		
1	1	2
2	13	1
3	2	2
752		
1	1	1
2	10	1
3	1	1
3	6	1
753		
1	1	1
2	9	1
3	7	1
754		
1	1	1
2	9	1
3	7	1
755		
1	1	2
3	7	2
756		
1	1	1
1	6	1
2	13	1
757		
1	1	2
2	1	2
3	2	2
4	10	2
758		
1	1	1
3	10	1
759		
1	1	1
2	9	1
3	7	1
760		
1	1	1
1	8	1
2	4	2
3	6	1
761		
1	1	2
2	4	2
3	6	2
762		
1	1	2
2	2	2
3	2	2
763		
1	1	2
3	1	2
4	12	2
764		
1	1	2
2	2	2
3	2	2
765		
1	1	2
2	1	2
3	2	2
4	12	1
766		
1	1	2
2	2	2
3	8	1
4	12	1
767		
1	1	2
2	2	2
3	1	1
3	2	1
3	7	1
3	8	1
768		
1	1	2
2	2	2
2	13	2
3	4	2
769		
1	1	2
1	3	1
2	10	2
2	13	1
3	1	1
3	4	1
3	6	1
770		
1	1	2
2	1	1
2	2	1
2	13	2
3	7	1
771		
1	1	1
1	3	1
2	2	2
2	10	2
2	13	1
772		
1	1	2
2	1	1
2	2	1
2	9	2
3	7	1
773		
1	1	1
1	3	1
2	1	2
2	13	2
774		
1	1	2
1	4	1
2	1	1
2	2	1
3	2	2
775		
1	1	2
2	2	1
2	7	1
2	10	2
3	3	1
3	9	1
776		
1	1	1
1	3	1
2	1	2
2	5	1
2	9	1
777		
1	1	1
1	4	1
2	1	2
2	2	1
2	9	1
3	8	1
778		
1	1	2
2	1	1
2	4	2
2	13	2
3	3	1
779		
1	1	2
2	1	1
2	5	2
2	9	2
2	13	1
3	4	1
780		
1	1	2
2	2	1
2	7	1
2	10	2
781		
1	1	1
1	3	1
1	4	1
2	1	2
2	2	1
782		
1	1	2
2	1	2
2	3	1
3	9	1
783		
1	1	2
1	3	1
2	1	1
2	2	1
2	13	2
3	9	1
784		
1	1	2
1	3	1
2	1	1
2	2	1
2	13	2
3	9	1
785		
1	1	1
1	3	1
1	6	1
2	1	2
2	2	1
2	13	2
3	9	1
786		
1	1	2
1	4	1
2	1	2
2	2	1
3	2	2
787		
1	1	2
1	3	1
2	2	1
2	10	2
3	1	1
3	4	1
788		
1	1	1
1	4	1
2	1	2
2	2	1
2	13	1
3	1	1
789		
1	1	1
1	4	1
2	1	1
2	2	1
3	13	1
790		
1	1	2
2	1	1
2	2	1
2	13	1
3	9	1
791		
1	1	3
1	3	1
1	4	1
2	1	1
2	2	2
3	2	2
3	7	1
3	9	1
792		
1	1	1
1	3	1
2	2	2
793		
1	1	1
1	3	1
1	6	1
2	1	1
2	2	1
2	13	2
794		
1	1	2
1	3	1
2	1	1
2	2	1
2	13	1
3	8	2
795		
1	1	1
1	3	1
2	9	2
796		
1	1	1
1	3	1
1	4	1
2	1	1
2	2	2
3	9	2
797		
1	1	2
2	1	2
2	2	1
2	9	1
3	1	2
3	6	1
798		
1	1	2
1	3	1
2	2	2
3	2	2
799		
1	1	2
2	13	2
3	9	2
4	2	1
800		
1	1	2
2	2	2
3	2	1
3	9	2
801		
1	1	2
2	1	2
2	2	2
3	8	1
3	10	2
802		
1	1	1
2	9	1
3	7	1
803		
1	1	2
2	4	2
3	1	2
3	6	2
804		
1	1	2
3	11	2
805		
1	1	1
2	1	1
2	2	1
3	12	1
806		
1	1	2
2	4	2
3	4	1
807		
1	1	1
2	4	1
3	3	1
808		
1	1	1
2	1	1
2	2	1
2	9	1
3	7	1
809		
1	1	1
1	4	1
2	1	2
3	8	1
4	10	1
810		
1	1	2
2	1	2
2	2	2
2	8	2
3	10	2
4	10	2
811		
1	1	2
3	8	2
812		
1	1	1
2	2	1
3	8	1
4	11	1
813		
1	1	1
2	4	1
3	3	1
4	11	1
814		
1	1	2
2	1	1
2	4	2
3	3	1
3	4	2
4	4	1
4	10	1
4	11	1
4	19	1
815		
1	1	2
2	1	2
2	4	2
3	1	1
3	4	1
3	6	2
4	12	1
816		
1	1	2
2	1	2
2	4	2
3	4	2
3	5	1
3	6	2
817		
1	1	2
2	4	2
3	6	2
818		
1	1	2
2	13	2
3	1	1
3	9	1
819		
1	1	2
2	1	2
2	2	1
2	13	1
3	2	2
4	10	1
820		
1	1	2
2	1	2
2	2	2
3	2	2
4	10	2
821		
1	1	2
2	2	2
3	1	2
3	8	2
4	10	2
822		
1	1	2
2	1	2
2	2	1
2	13	1
3	2	2
823		
1	1	2
2	13	1
3	2	2
4	10	2
824		
1	1	2
2	2	2
3	9	2
825		
1	1	2
2	2	1
3	1	1
3	7	1
826		
1	1	2
2	4	2
3	3	1
3	6	2
827		
1	1	1
2	6	1
3	6	1
828		
1	1	2
2	9	2
3	3	2
4	12	1
829		
1	1	2
2	1	2
2	4	2
3	1	1
3	3	2
3	6	1
830		
1	1	2
2	13	2
3	2	2
831		
1	1	1
2	1	1
2	4	1
3	6	1
832		
1	1	2
2	1	2
2	2	2
3	8	2
4	2	1
833		
1	1	2
2	1	2
2	4	2
3	1	2
3	5	2
3	6	2
834		
1	1	1
2	1	1
2	4	1
3	6	1
835		
1	2	2
4	6	2
836		
1	2	1
2	1	1
2	2	1
2	12	1
4	3	1
837		
1	2	2
4	7	2
838		
1	2	2
2	1	2
2	2	2
839		
1	2	2
2	1	2
2	2	2
4	3	2
4	4	2
840		
1	2	2
841		
1	2	2
2	1	2
2	4	2
4	1	2
4	3	2
842		
1	2	2
843		
1	2	1
2	1	1
2	2	1
2	13	1
4	3	1
844		
1	2	2
4	7	1
4	15	1
845		
1	2	2
2	2	2
846		
1	2	2
2	2	2
2	13	2
847		
1	2	2
1	5	2
4	3	2
4	9	2
848		
1	2	1
2	1	1
2	2	1
849		
1	2	2
2	2	2
2	13	1
4	3	1
850		
1	2	1
1	3	1
2	13	2
4	3	1
851		
1	2	2
2	2	1
4	3	2
852		
1	2	1
4	7	1
853		
1	2	1
2	12	1
854		
1	2	2
4	8	1
4	17	1
855		
1	2	1
2	1	1
2	2	1
856		
1	2	1
2	1	1
2	2	1
4	3	1
4	6	1
857		
1	2	2
4	7	2
4	12	1
858		
1	2	2
2	2	2
2	12	2
859		
1	2	2
2	2	2
4	8	2
860		
1	2	2
2	1	2
2	2	1
4	7	1
861		
1	2	2
4	6	2
862		
1	2	2
863		
1	2	2
4	7	2
864		
1	2	2
1	5	1
2	1	1
2	2	1
865		
1	2	1
1	3	1
1	4	1
2	1	2
866		
1	2	2
1	4	1
2	1	1
2	2	2
2	9	1
867		
1	2	2
1	4	1
2	1	1
2	2	1
2	9	1
868		
1	2	2
2	2	2
2	12	2
869		
1	2	2
2	1	2
2	2	1
870		
1	2	2
2	4	2
4	3	2
871		
1	3	2
2	1	2
2	2	2
2	11	2
3	3	1
4	3	2
4	9	1
872		
1	3	2
2	1	3
2	2	2
2	4	2
3	1	1
3	6	2
4	3	1
873		
1	3	2
2	9	2
874		
1	3	2
875		
1	3	1
4	10	1
4	17	1
876		
1	3	1
3	7	1
3	8	1
4	16	1
877		
1	3	2
4	3	1
878		
1	3	2
2	2	2
4	16	2
879		
1	3	1
2	4	1
4	6	1
4	8	1
880		
1	3	2
4	11	2
881		
1	3	2
1	4	1
2	1	2
2	2	2
4	3	2
4	9	2
882		
1	3	2
3	7	2
4	10	2
883		
1	3	2
2	9	2
884		
1	3	3
2	1	3
2	13	2
4	10	3
885		
1	3	2
886		
1	3	1
1	5	1
2	1	1
2	2	2
4	3	1
4	4	1
887		
1	3	1
2	1	1
2	2	1
4	5	1
888		
1	3	1
2	1	1
2	2	1
4	6	1
889		
1	3	1
4	5	1
890		
1	3	2
4	5	1
891		
1	3	1
1	5	1
4	2	1
4	6	2
4	7	1
892		
1	3	1
2	1	1
2	2	1
893		
1	3	2
4	1	2
4	7	2
894		
1	3	2
4	6	2
895		
1	3	2
896		
1	3	2
2	2	2
4	10	2
897		
1	3	2
2	2	2
898		
1	3	1
2	1	1
2	2	1
899		
1	3	2
2	1	2
2	2	2
4	4	1
900		
1	3	2
2	1	2
2	2	2
4	1	2
901		
1	3	2
2	1	2
2	2	2
902		
1	3	2
2	2	2
4	10	2
903		
1	3	2
2	2	2
904		
1	3	1
2	1	1
2	2	1
905		
1	3	2
2	1	2
2	2	2
4	10	1
906		
1	3	2
2	2	2
4	4	2
4	5	2
907		
1	3	2
2	13	2
4	9	2
908		
1	3	2
1	6	1
909		
1	3	2
2	9	2
910		
1	3	2
4	7	2
911		
1	3	2
2	2	2
3	10	2
4	11	2
912		
1	3	2
2	1	2
2	2	2
913		
1	3	2
2	1	2
2	2	2
914		
1	3	1
1	4	1
915		
1	3	1
1	4	1
916		
1	3	1
2	1	1
2	2	1
917		
1	3	1
1	4	1
2	2	2
918		
1	3	2
2	1	2
2	2	2
919		
1	3	1
2	2	1
920		
1	3	2
2	2	2
3	6	2
921		
1	1	1
1	3	2
3	2	1
922		
1	3	1
2	1	1
2	2	1
923		
1	3	2
2	1	2
2	2	2
924		
1	3	2
2	2	2
4	1	1
4	2	1
925		
1	3	2
2	2	1
4	5	2
926		
1	3	2
2	1	2
2	2	2
927		
1	3	3
1	4	3
1	5	3
2	2	3
4	2	1
4	4	2
928		
1	3	1
2	2	1
929		
1	3	2
2	1	2
2	2	2
4	12	1
930		
1	3	2
1	4	2
2	2	2
4	6	2
4	7	2
931		
1	3	1
2	1	1
2	2	1
4	6	1
932		
1	3	1
4	6	1
933		
1	3	1
2	4	1
3	6	1
934		
1	3	2
3	6	2
4	12	2
935		
1	3	2
2	2	2
4	1	2
4	4	2
936		
1	3	2
2	2	2
937		
1	3	2
2	2	2
938		
1	3	2
1	4	2
2	2	2
939		
1	3	1
4	8	1
940		
1	3	2
941		
1	3	2
2	1	2
2	2	2
2	13	2
4	11	1
942		
1	3	2
4	10	2
4	11	2
943		
1	3	2
2	1	2
2	11	2
4	3	2
4	9	2
944		
1	3	1
945		
1	3	2
3	5	2
4	19	1
946		
1	3	1
947		
1	3	1
2	1	1
2	2	1
4	8	1
948		
1	3	2
1	5	2
2	2	2
4	4	2
949		
1	2	1
1	3	2
2	1	3
2	2	3
2	13	1
4	2	1
4	4	3
4	10	1
4	12	2
950		
1	3	1
1	5	1
2	1	1
2	2	1
951		
1	3	1
1	4	1
952		
1	3	2
2	9	2
953		
1	3	2
1	4	1
2	1	2
2	2	1
2	12	1
4	3	2
4	9	1
954		
1	1	1
1	3	2
2	1	1
2	2	1
3	7	1
955		
1	3	2
2	1	2
2	2	2
2	13	1
4	3	2
956		
1	3	2
2	1	1
2	2	1
2	11	1
4	3	1
957		
1	3	2
2	1	2
2	2	1
958		
1	3	2
2	1	1
2	2	1
2	3	1
959		
1	3	2
2	9	2
960		
1	3	2
2	9	2
961		
1	3	2
2	9	2
962		
1	3	2
2	9	2
963		
1	3	1
1	4	1
1	6	1
2	1	2
2	2	1
964		
1	3	1
965		
1	3	1
1	4	1
2	9	2
3	5	1
966		
1	3	2
1	5	2
4	7	2
967		
1	3	1
4	9	1
968		
1	3	1
2	2	1
3	5	1
969		
1	3	2
4	10	1
970		
1	3	2
2	2	2
2	13	1
4	4	2
971		
1	4	1
2	1	1
2	2	1
972		
1	4	2
3	5	1
3	6	1
973		
1	4	2
4	9	2
974		
1	4	2
2	2	2
2	13	1
975		
1	4	2
976		
1	4	1
977		
1	4	1
2	1	1
2	2	1
2	4	1
978		
1	4	1
2	1	1
2	2	1
979		
1	4	1
2	2	1
980		
1	4	2
2	2	2
981		
1	4	1
982		
1	4	2
3	8	1
983		
1	4	2
1	6	1
2	1	1
2	2	2
2	3	1
2	13	2
3	1	1
3	12	1
984		
1	4	2
3	1	2
985		
1	4	2
2	1	2
2	2	2
3	1	2
986		
1	4	1
2	1	1
2	2	1
987		
1	4	2
2	2	2
4	10	2
988		
1	4	1
2	1	1
2	2	1
989		
1	4	2
2	1	2
3	2	2
990		
1	4	2
2	1	2
991		
1	4	2
2	1	2
2	2	2
992		
1	4	2
993		
1	4	2
4	10	2
994		
1	4	2
995		
1	4	2
996		
1	4	2
997		
1	4	2
3	13	1
998		
1	4	2
999		
1	4	2
1000		
1	4	2
1001		
1	4	2
1002		
1	4	1
1003		
1	4	2
1004		
1	4	1
1005		
1	4	2
1006		
1	4	1
1007		
1	4	2
1008		
1	4	2
1009		
1	4	1
1010		
1	4	2
1011		
1	4	2
1012		
1	4	2
1013		
1	4	2
1014		
1	4	2
1015		
1	4	2
1016		
1	4	3
1017		
1	4	3
1018		
1	4	1
1019		
1	4	2
1020		
1	4	2
1021		
1	4	2
1022		
1	4	2
1023		
1	4	2
1024		
1	4	2
1025		
1	4	2
1026		
1	4	2
1027		
1	4	1
1028		
1	4	2
1029		
1	4	2
1030		
1	4	2
3	13	1
1031		
1	4	2
1032		
1	4	2
1033		
1	4	2
1034		
1	4	2
1035		
1	4	2
1036		
1	4	2
4	10	2
1037		
1	4	2
1038		
1	4	2
1039		
1	4	1
1040		
1	4	2
1041		
1	4	2
1042		
1	4	2
1043		
1	4	2
1044		
1	4	2
1045		
1	4	2
1046		
1	4	1
1047		
1	4	2
1048		
1	4	1
1049		
1	4	2
1050		
1	4	2
1051		
1	4	2
1052		
1	4	2
1053		
1	4	2
1054		
1	4	2
1055		
1	4	2
1056		
1	4	2
1057		
1	4	2
1058		
1	4	2
1059		
1	4	2
1060		
1	4	1
1061		
1	4	2
1062		
1	4	2
1063		
1	4	2
1064		
1	4	2
1065		
1	4	2
1066		
1	4	1
1067		
1	4	2
1068		
1	4	1
1069		
1	4	2
1070		
1	4	2
1071		
1	4	2
1072		
1	4	2
1073		
1	4	2
1074		
1	4	2
1075		
1	4	2
1076		
1	4	2
1077		
1	4	1
1078		
1	4	1
1079		
1	4	2
1080		
1	4	2
1081		
1	4	2
1082		
1	4	2
2	2	1
1083		
1	4	1
4	10	1
1084		
1	4	2
1085		
1	4	2
1086		
1	4	2
1087		
1	4	2
1088		
1	4	1
1089		
1	4	2
1090		
1	4	1
1091		
1	4	2
1092		
1	4	2
1093		
1	4	1
1094		
1	4	2
1095		
1	4	2
1096		
1	4	2
1097		
1	4	1
1098		
1	4	2
1099		
1	4	2
1100		
1	4	1
1101		
1	4	2
2	2	2
1102		
1	4	2
2	1	1
2	2	2
1103		
1	4	2
2	1	2
2	2	2
1104		
1	4	2
2	1	2
2	2	2
2	13	2
1105		
1	4	1
2	1	1
2	2	1
1106		
1	4	1
2	1	1
2	2	1
1107		
1	4	2
2	1	2
2	2	2
3	1	2
1108		
1	4	1
2	1	1
2	2	1
1109		
1	4	1
2	1	1
2	2	1
1110		
1	4	1
2	2	1
2	9	1
1111		
1	4	2
2	1	1
2	2	2
2	13	2
1112		
1	4	2
2	1	2
1113		
1	4	2
2	1	2
2	2	1
1114		
1	4	2
2	1	2
2	2	2
1115		
1	4	1
2	1	1
2	2	1
1116		
1	4	2
2	2	2
2	13	2
1117		
1	4	2
2	1	2
2	2	2
1118		
1	4	1
2	1	1
2	2	1
1119		
1	4	1
2	1	1
2	2	1
1120		
1	4	1
2	1	1
2	2	1
1121		
1	2	1
1	4	2
2	1	2
2	2	2
1122		
1	4	2
1123		
1	4	1
2	1	1
2	2	1
1124		
1	4	2
1125		
1	4	2
1126		
1	4	2
2	2	2
1127		
1	4	1
1128		
1	4	2
2	2	2
1129		
1	4	1
2	1	1
2	2	1
1130		
1	4	1
2	1	1
2	2	1
1131		
1	4	1
2	1	1
2	2	1
1132		
1	4	1
2	2	1
1133		
1	4	2
2	1	1
2	2	1
1134		
1	4	1
2	1	1
2	2	1
2	13	1
1135		
1	4	1
2	2	1
1136		
1	4	2
2	1	2
2	2	2
1137		
1	4	2
1138		
1	4	1
2	1	1
2	2	1
1139		
1	4	2
2	1	2
2	2	2
1140		
1	4	2
2	2	2
1141		
1	4	2
1142		
1	4	2
2	2	1
1143		
1	4	1
2	1	1
2	2	1
1144		
1	4	2
2	2	2
2	13	2
1145		
1	4	2
2	1	2
2	2	2
3	5	1
1146		
1	4	2
1147		
1	4	2
2	1	2
2	2	2
2	13	2
1148		
1	4	2
1	5	2
2	2	2
1149		
1	4	1
2	1	1
2	2	1
1150		
1	4	2
2	2	2
1151		
1	4	2
2	1	2
2	2	2
3	6	1
1152		
1	4	2
2	1	2
2	2	2
1153		
1	4	2
1154		
1	4	2
2	1	2
2	2	2
3	12	1
1155		
1	4	2
1156		
1	4	1
2	1	1
2	2	1
1157		
1	4	2
2	1	1
1158		
1	4	2
1	5	1
2	1	1
2	13	1
1159		
1	4	2
1160		
1	4	2
2	1	2
3	8	1
1161		
1	4	2
2	1	2
2	2	2
1162		
1	1	1
1	4	2
3	4	1
1163		
1	4	2
2	1	2
2	2	2
1164		
1	4	2
1165		
1	4	2
1166		
1	4	2
2	1	2
2	2	2
1167		
1	4	1
2	1	1
2	2	1
1168		
1	4	1
2	1	1
2	2	1
1169		
1	4	1
2	1	1
2	2	1
1170		
1	4	2
2	1	2
2	2	2
1171		
1	4	2
2	2	2
2	9	2
1172		
1	4	2
2	1	2
2	13	1
1173		
1	4	1
2	1	1
2	2	1
1174		
1	4	2
2	1	2
2	2	2
1175		
1	4	1
2	1	1
2	2	1
1176		
1	4	2
2	1	2
2	2	2
1177		
1	4	2
2	1	2
2	2	2
1178		
1	4	2
1	5	1
2	1	2
2	2	2
4	7	2
1179		
1	4	2
1180		
1	4	1
1181		
1	4	1
2	1	1
2	2	1
1182		
1	4	2
2	2	2
1183		
1	4	2
2	2	2
1184		
1	4	1
2	1	1
2	2	1
2	13	1
1185		
1	4	2
2	1	2
2	2	2
1186		
1	4	2
2	1	2
2	2	2
1187		
1	4	1
2	1	1
2	2	1
1188		
1	4	1
2	1	1
2	2	1
2	3	1
4	10	1
1189		
1	1	1
1	4	2
2	1	2
2	2	2
3	8	1
1190		
1	4	2
2	1	2
2	2	2
2	13	1
1191		
1	4	1
1192		
1	4	2
2	2	2
1193		
1	4	1
2	2	1
1194		
1	4	2
2	1	2
1195		
1	4	2
2	1	2
2	2	2
1196		
1	4	2
1197		
1	4	1
2	1	1
2	2	1
1198		
1	4	1
2	2	1
1199		
1	4	1
2	1	1
2	2	1
1200		
1	4	1
2	1	1
2	2	1
1201		
1	4	2
2	1	2
1202		
1	4	3
1203		
1	4	1
2	2	1
1204		
1	4	1
2	2	1
1205		
1	4	2
1	5	1
2	1	2
2	2	2
3	8	1
1206		
1	4	1
2	1	1
2	2	1
1207		
1	4	2
2	2	2
1208		
1	4	1
2	2	1
1209		
1	4	1
2	1	1
2	2	1
1210		
1	4	1
2	1	1
2	2	1
1211		
1	4	1
2	2	1
1212		
1	4	1
2	1	1
2	2	1
4	11	1
1213		
1	4	2
2	1	2
2	2	2
3	8	1
1214		
1	4	2
1215		
1	4	1
2	13	1
1216		
1	4	1
2	1	1
2	2	1
2	9	1
2	13	1
1217		
1	4	1
1218		
1	4	1
2	1	1
2	2	1
2	13	1
1219		
1	4	2
1220		
1	4	2
2	2	2
1221		
1	4	1
2	1	1
2	2	1
1222		
1	4	1
1223		
1	4	2
2	2	2
1224		
1	4	2
1225		
1	4	2
3	9	1
1226		
1	4	1
2	2	1
1227		
1	4	1
2	1	1
2	2	1
2	13	1
1228		
1	4	1
1229		
1	4	1
2	1	1
2	2	1
1230		
1	4	1
2	1	1
2	2	1
1231		
1	4	2
2	1	2
2	2	2
1232		
1	4	2
2	2	2
1233		
1	4	1
1234		
1	4	1
2	1	1
2	2	1
1235		
1	4	1
2	1	1
2	2	1
1236		
1	4	1
2	2	1
1237		
1	4	2
2	2	2
1238		
1	4	2
1239		
1	4	1
2	1	1
2	2	1
1240		
1	4	2
2	1	2
2	2	2
1241		
1	4	2
2	2	2
1242		
1	4	2
2	1	1
1243		
1	4	1
1244		
1	4	1
2	1	1
2	2	1
1245		
1	4	1
2	1	1
2	2	1
1246		
1	4	2
2	2	2
1247		
1	4	2
1248		
1	4	2
2	2	2
1249		
1	4	1
2	1	1
2	2	1
1250		
1	4	1
2	1	1
2	2	1
2	3	1
2	13	1
4	6	1
1251		
1	4	2
1252		
1	4	2
2	2	2
2	13	2
1253		
1	4	2
2	1	2
2	2	2
1254		
1	4	2
1	8	2
2	2	2
1255		
1	4	2
2	1	2
2	2	2
1256		
1	4	2
2	2	2
1257		
1	4	2
2	1	2
2	2	2
1258		
1	4	1
2	2	1
1259		
1	4	2
1	5	1
2	1	2
2	2	2
1260		
1	4	2
2	2	2
1261		
1	4	2
2	13	2
1262		
1	4	2
2	2	2
3	2	1
1263		
1	4	2
2	2	2
1264		
1	4	1
1265		
1	4	2
1266		
1	4	2
2	2	2
1267		
1	1	1
1	4	2
3	4	1
1268		
1	1	1
1	4	2
3	3	2
1269		
1	4	1
1270		
1	4	2
1	5	2
2	2	2
1271		
1	4	1
2	1	1
2	2	1
2	9	1
1272		
1	4	1
2	1	1
2	2	1
1273		
1	4	1
2	1	1
2	2	1
1274		
1	4	1
2	2	1
1275		
1	4	2
2	1	2
2	2	2
1276		
1	4	2
2	1	2
1277		
1	4	2
2	2	2
1278		
1	4	2
2	2	2
2	9	2
3	8	1
1279		
1	4	1
2	1	1
2	2	1
1280		
1	4	1
2	2	1
1281		
1	4	1
1282		
1	4	1
2	1	1
2	2	1
1283		
1	4	2
2	2	2
2	13	1
1284		
1	4	1
2	1	1
2	2	1
1285		
1	4	1
2	2	1
1286		
1	4	2
2	1	2
1287		
1	4	1
2	1	1
2	2	1
1288		
1	4	2
2	2	2
1289		
1	4	1
2	13	1
1290		
1	4	2
2	1	2
2	2	2
1291		
1	4	2
2	2	2
1292		
1	4	1
2	1	1
2	2	1
1293		
1	4	2
1294		
1	4	2
2	2	2
4	4	2
1295		
1	4	2
2	1	2
2	2	2
1296		
1	4	2
2	2	2
2	13	2
1297		
1	4	1
2	1	1
2	2	1
1298		
1	4	1
2	2	1
1299		
1	4	2
1300		
1	4	1
2	1	1
2	2	1
1301		
1	4	2
2	1	2
3	2	1
3	11	1
1302		
1	4	1
2	1	1
2	2	1
1303		
1	4	2
2	2	2
2	9	1
2	13	2
1304		
1	4	2
2	1	2
2	2	2
1305		
1	4	2
2	1	2
2	2	2
1306		
1	4	2
1307		
1	4	2
1308		
1	4	1
2	2	1
1309		
1	4	2
2	1	2
2	2	2
4	12	1
1310		
1	4	2
1311		
1	4	2
1312		
1	4	2
1313		
1	4	2
1314		
1	4	1
2	1	1
2	2	1
1315		
1	4	1
2	1	1
2	2	1
1316		
1	4	1
2	1	1
2	2	1
1317		
1	4	1
1	6	1
1318		
1	4	2
3	8	2
4	1	2
1319		
1	4	2
2	1	2
2	2	2
1320		
1	4	2
2	2	2
4	9	2
1321		
1	4	1
2	1	1
2	2	1
2	13	1
1322		
1	4	1
2	1	1
2	2	1
1323		
1	4	1
2	2	1
1324		
1	4	2
2	1	2
2	2	2
1325		
1	4	1
2	1	1
1326		
1	4	1
1327		
1	4	1
1328		
1	4	1
2	2	1
1329		
1	3	1
1	4	2
3	2	1
1330		
1	4	2
1331		
1	4	1
1332		
1	4	2
1333		
1	4	1
2	1	1
2	2	1
1334		
1	4	2
2	2	1
1335		
1	4	2
2	2	1
1336		
1	4	2
1	8	2
2	2	2
3	1	2
3	6	2
1337		
1	4	1
2	1	1
2	2	1
1338		
1	4	1
2	1	1
2	2	1
2	13	1
1339		
1	4	2
2	1	2
2	2	2
4	10	1
4	11	2
1340		
1	4	1
2	1	1
2	2	1
1341		
1	4	2
2	1	2
2	2	2
1342		
1	4	2
2	1	2
3	8	2
1343		
1	4	1
1344		
1	4	1
2	1	1
2	2	1
1345		
1	4	2
2	2	2
1346		
1	4	1
2	1	1
2	2	1
1347		
1	4	2
2	2	2
4	4	2
4	10	2
1348		
1	4	1
2	1	1
2	2	1
1349		
1	4	2
2	9	2
3	7	2
4	12	1
1350		
1	4	1
2	9	1
1351		
1	4	1
2	1	1
2	2	1
1352		
1	4	1
2	2	1
1353		
1	4	1
2	2	1
1354		
1	4	1
2	2	1
1355		
1	4	1
1356		
1	4	2
1357		
1	4	2
2	1	2
2	2	2
3	6	2
1358		
1	4	2
1359		
1	4	1
1360		
1	4	2
2	1	2
2	2	2
1361		
1	4	1
2	1	1
2	2	1
1362		
1	4	1
2	1	1
2	2	1
1363		
1	4	2
2	2	2
1364		
1	4	2
2	1	1
2	2	2
3	6	1
1365		
1	4	1
1	5	1
1	6	1
1366		
1	4	2
1367		
1	4	2
2	1	1
2	2	2
1368		
1	3	1
1	4	2
2	2	2
1369		
1	4	2
2	2	2
1370		
1	3	1
1	4	2
2	1	1
2	2	1
1371		
1	4	2
2	1	2
2	2	1
1372		
1	1	1
1	4	2
2	1	1
2	2	2
3	2	1
1373		
1	4	2
2	1	1
2	2	2
2	13	2
1374		
1	3	1
1	4	2
2	2	2
1375		
1	3	1
1	4	2
2	1	2
2	2	2
4	16	1
1376		
1	4	2
2	1	1
2	2	1
3	8	1
1377		
1	4	2
2	2	2
1378		
1	1	1
1	4	2
2	1	1
2	2	1
3	9	1
1379		
1	2	1
1	4	2
2	1	1
2	2	1
1380		
1	1	1
1	4	2
2	1	2
2	2	2
2	13	2
3	3	1
3	12	1
1381		
1	3	1
1	4	2
2	1	1
2	2	1
1382		
1	2	1
1	4	2
2	1	1
2	2	1
1383		
1	2	1
1	4	2
2	1	1
2	2	1
1384		
1	2	1
1	4	2
2	1	1
2	2	1
1385		
1	2	1
1	4	2
2	1	1
2	2	1
1386		
1	2	1
1	4	2
2	1	1
2	2	1
1387		
1	3	1
1	4	2
2	1	1
2	2	2
1388		
1	2	1
1	4	2
2	2	2
1389		
1	3	1
1	4	2
2	1	1
2	2	1
1390		
1	3	1
1	4	2
2	1	1
2	2	2
4	10	1
1391		
1	4	2
1392		
1	2	1
1	4	2
2	1	1
2	2	1
1393		
1	2	1
1	4	2
2	1	1
2	2	2
1394		
1	3	1
1	4	2
2	1	2
2	2	1
1395		
1	4	2
2	1	2
2	2	1
1396		
1	3	1
1	4	3
2	1	2
2	2	2
1397		
1	1	1
1	4	2
2	1	2
2	2	2
3	6	1
4	10	1
1398		
1	1	1
1	3	1
1	4	2
2	1	2
2	2	2
2	13	1
3	9	1
1399		
1	1	1
1	4	2
2	1	2
2	2	1
3	11	1
1400		
1	2	1
1	4	2
2	1	1
2	2	2
1401		
1	1	1
1	4	3
2	1	3
2	2	2
3	2	1
1402		
1	3	1
1	4	2
2	1	1
2	2	3
1403		
1	1	1
1	4	2
2	1	2
2	2	1
3	7	1
1404		
1	3	2
1	4	3
2	1	3
2	2	1
1405		
1	3	1
1	4	2
2	1	1
2	2	2
1406		
1	3	1
1	4	2
2	1	2
2	2	1
1407		
1	3	1
1	4	2
2	1	2
2	2	1
1408		
1	1	1
1	4	2
1	6	1
2	1	2
2	2	1
2	13	2
3	7	1
1409		
1	4	2
1410		
1	1	1
1	4	2
2	1	2
2	2	1
2	9	1
3	2	1
1411		
1	3	1
1	4	2
2	1	1
2	2	1
1412		
1	3	1
1	4	2
2	1	2
2	2	1
2	13	1
1413		
1	3	1
1	4	2
2	1	2
2	2	1
1414		
1	1	1
1	4	2
2	1	2
2	2	1
3	7	1
3	8	1
3	13	1
1415		
1	3	1
1	4	2
2	1	1
2	2	1
1416		
1	3	1
1	4	2
1417		
1	4	2
1	6	1
1418		
1	3	1
1	4	2
1419		
1	4	2
2	1	1
1420		
1	4	2
2	1	1
2	2	2
1421		
1	4	2
2	1	1
2	2	2
1422		
1	4	2
1423		
1	4	2
1424		
1	3	1
1	4	2
2	1	1
2	2	1
1425		
1	3	1
1	4	2
2	1	2
2	2	1
2	13	1
1426		
1	4	1
1	6	1
2	1	1
2	2	2
2	10	1
1427		
1	4	2
2	1	1
2	2	2
1428		
1	4	2
2	1	2
2	2	1
2	13	1
1429		
1	1	1
1	4	2
2	1	2
2	2	1
2	9	1
3	8	1
1430		
1	3	1
1	4	3
2	2	2
1431		
1	4	2
2	2	2
1432		
1	4	2
2	1	1
2	2	2
1433		
1	4	1
1434		
1	4	2
2	2	2
1435		
1	4	2
2	2	2
1436		
1	4	2
2	1	2
2	2	1
1437		
1	4	2
2	2	2
1438		
1	4	2
2	2	2
1439		
1	4	2
2	2	2
1440		
1	4	1
2	2	1
1441		
1	4	1
2	1	1
2	2	1
1442		
1	4	2
3	1	2
1443		
1	4	1
2	9	1
1444		
1	4	1
2	2	1
1445		
1	4	2
2	2	2
2	13	2
1446		
1	4	1
1447		
1	5	1
2	1	1
2	2	1
1448		
1	5	2
2	1	2
2	2	2
4	10	1
1449		
1	5	2
2	1	2
2	2	2
1450		
1	5	2
2	13	2
4	10	2
1451		
1	5	2
2	1	1
2	2	1
4	4	1
4	10	1
1452		
1	5	2
4	10	2
1453		
1	5	2
2	1	1
2	2	2
1454		
1	5	2
2	1	2
2	2	2
1455		
1	5	2
2	2	2
2	13	1
1456		
1	5	2
2	1	1
2	2	2
1457		
1	5	2
2	1	1
2	2	2
1458		
1	5	2
2	1	2
2	2	2
1459		
1	5	2
2	1	2
2	2	2
1460		
1	5	2
2	1	2
2	2	2
1461		
1	5	2
2	2	2
2	13	2
1462		
1	5	2
2	2	2
4	12	2
1463		
1	5	2
2	1	1
1464		
1	5	2
2	2	2
1465		
1	5	2
2	2	2
1466		
1	5	1
2	1	1
2	2	1
1467		
1	5	2
2	2	2
1468		
1	5	2
2	1	2
2	2	2
1469		
1	5	2
2	1	2
2	2	2
1470		
1	5	1
2	1	1
2	2	1
1471		
1	5	2
1	6	2
1472		
1	5	2
2	1	2
2	2	2
2	13	1
1473		
1	5	2
2	13	2
1474		
1	5	1
2	2	1
1475		
1	5	2
2	1	2
2	2	2
1476		
1	5	1
2	1	1
2	2	1
1477		
1	5	1
2	1	1
2	2	1
1478		
1	5	2
2	2	2
1479		
1	5	2
2	1	2
2	2	2
3	13	1
1480		
1	5	1
2	2	1
1481		
1	5	1
1482		
1	5	2
2	1	2
2	2	1
1483		
1	5	1
2	13	1
1484		
1	5	2
2	2	2
1485		
1	5	2
2	1	2
2	2	2
1486		
1	5	2
2	13	2
1487		
1	5	3
2	2	3
1488		
1	5	2
2	1	2
2	2	2
4	6	2
4	10	2
1489		
1	5	1
2	1	1
2	2	1
1490		
1	5	2
4	10	2
1491		
1	5	2
1	6	2
2	2	2
1492		
1	5	1
2	2	1
1493		
1	5	2
2	13	2
4	10	1
1494		
1	5	2
2	2	2
1495		
1	3	1
1	4	1
1	5	2
2	1	1
2	2	1
1496		
1	5	2
2	1	2
2	2	2
1497		
1	5	2
2	1	1
2	2	1
4	2	1
1498		
1	5	2
2	1	1
2	2	1
1499		
1	5	2
2	1	1
2	2	1
1500		
1	5	1
2	1	1
2	2	1
1501		
1	5	2
2	1	2
2	2	1
1502		
1	5	2
2	1	1
2	2	1
1503		
1	3	1
1	5	2
1504		
1	3	1
1	5	2
2	2	1
1505		
1	3	1
1	5	2
2	1	2
2	2	1
2	13	1
1506		
1	3	1
1	5	2
2	1	1
2	2	2
1507		
1	3	1
1	5	2
2	1	2
2	2	1
2	13	1
1508		
1	3	1
1	5	2
2	1	2
2	2	2
1509		
1	3	1
1	5	2
2	1	1
2	2	2
1510		
1	3	1
1	5	2
2	2	2
1511		
1	5	2
2	1	1
4	12	1
1512		
1	4	1
1	5	2
2	1	2
2	2	1
2	13	1
1513		
1	5	1
2	2	1
2	13	1
1514		
1	5	2
2	2	2
1515		
1	5	2
4	2	2
1516		
1	5	2
2	2	2
2	3	2
1517		
1	5	1
4	10	1
1518		
1	5	2
2	1	1
2	2	1
2	13	1
3	9	1
4	10	2
1519		
1	5	2
4	1	1
4	5	2
4	15	1
1520		
1	5	2
2	13	2
4	2	2
1521		
1	6	1
2	1	1
2	13	1
1522		
1	6	1
2	13	1
1523		
1	6	2
2	1	2
2	2	2
2	13	2
1524		
1	6	2
2	1	2
2	13	2
1525		
1	6	2
1526		
1	6	2
2	2	2
1527		
1	6	2
2	13	2
1528		
1	6	2
2	1	2
2	2	2
2	3	2
2	13	1
1529		
1	6	2
2	1	2
2	2	2
2	3	2
2	7	2
1530		
1	6	2
2	2	2
2	13	2
3	1	1
1531		
1	6	2
3	1	1
1532		
1	6	2
2	13	2
3	11	2
4	2	2
1533		
1	6	2
2	13	2
3	10	2
4	11	2
1534		
1	6	2
1535		
1	6	2
3	12	1
1536		
1	6	2
4	10	2
1537		
1	6	2
2	2	2
2	13	2
1538		
1	6	2
2	2	2
2	13	2
1539		
1	6	1
2	2	1
2	13	1
1540		
1	6	2
2	1	2
1541		
1	6	2
2	13	2
1542		
1	6	1
2	1	1
2	2	1
1543		
1	6	2
2	1	1
2	2	2
1544		
1	6	2
2	13	2
1545		
1	6	2
1546		
1	6	2
2	1	2
2	2	2
1547		
1	6	2
2	2	2
2	13	2
4	19	2
1548		
1	6	1
2	1	1
2	2	1
1549		
1	6	2
2	1	2
1550		
1	6	2
2	1	2
2	2	2
2	13	2
1551		
1	6	2
1552		
1	6	2
2	1	2
2	9	1
2	13	2
1553		
1	6	1
2	1	1
2	2	1
2	13	1
1554		
1	6	2
2	1	2
2	2	2
1555		
1	6	2
2	6	1
2	13	2
1556		
1	6	1
2	2	1
2	8	1
2	13	1
1557		
1	6	3
2	13	1
4	12	1
1558		
1	6	1
2	2	1
2	13	1
1559		
1	6	2
2	1	2
1560		
1	6	2
2	13	2
1561		
1	6	2
2	1	2
2	2	2
1562		
1	6	1
2	1	1
2	2	1
2	3	1
2	13	1
4	9	1
1563		
1	6	2
1564		
1	6	2
2	7	2
2	13	2
1565		
1	6	2
2	3	2
1566		
1	6	2
2	1	2
2	2	2
1567		
1	6	2
2	1	1
2	2	2
1568		
1	6	2
1569		
1	6	1
2	1	1
2	2	1
2	3	1
2	13	1
1570		
1	6	1
2	1	1
2	2	1
1571		
1	6	2
2	1	1
1572		
1	6	2
3	6	1
1573		
1	6	2
2	3	2
1574		
1	6	1
2	1	1
2	2	1
1575		
1	6	1
2	2	1
2	13	1
1576		
1	6	2
2	1	2
2	2	2
2	13	2
1577		
1	6	2
1578		
1	6	2
2	13	1
1579		
1	6	2
2	7	2
1580		
1	6	2
2	7	2
2	13	2
1581		
1	6	1
1582		
1	6	2
2	3	2
2	9	2
1583		
1	6	2
2	8	2
4	4	2
1584		
1	6	2
2	13	1
1585		
1	6	2
4	6	2
1586		
1	6	2
1587		
1	6	1
2	1	1
2	2	1
2	13	1
1588		
1	6	2
2	1	2
2	2	2
1589		
1	6	2
2	13	2
1590		
1	6	2
1591		
1	6	2
2	2	2
2	9	2
1592		
1	6	1
2	1	1
2	2	1
1593		
1	6	2
2	1	2
2	2	2
2	13	2
1594		
1	6	2
1595		
1	6	1
2	1	1
2	2	1
1596		
1	6	2
2	2	2
1597		
1	6	2
2	13	2
1598		
1	6	2
2	2	2
2	13	2
1599		
1	6	2
1600		
1	6	1
2	1	1
2	2	1
2	3	1
2	13	1
1601		
1	6	2
2	2	2
2	13	2
1602		
1	6	2
2	2	2
2	13	2
3	6	2
1603		
1	6	2
2	2	2
2	13	2
1604		
1	6	1
2	13	1
4	10	1
1605		
1	6	2
2	1	2
2	2	2
1606		
1	6	2
2	1	2
1607		
1	6	2
2	13	1
1608		
1	6	2
2	13	2
4	11	2
1609		
1	6	2
1	7	1
2	13	2
1610		
1	6	2
2	1	1
2	2	1
1611		
1	6	1
2	2	1
2	13	1
1612		
1	6	2
2	8	2
1613		
1	6	1
2	1	1
2	2	1
2	7	1
2	13	1
4	12	1
1614		
1	6	2
2	13	2
3	3	1
3	6	1
1615		
1	6	2
2	1	2
2	2	2
2	3	2
1616		
1	6	1
2	1	1
2	2	1
1617		
1	6	1
2	13	1
1618		
1	6	2
2	3	2
4	5	2
1619		
1	6	2
2	1	2
2	2	2
1620		
1	6	2
4	5	1
4	6	1
1621		
1	6	2
2	1	1
1622		
1	6	2
2	1	2
2	13	1
1623		
1	6	1
2	1	1
2	2	1
1624		
1	6	2
2	1	2
2	2	2
1625		
1	6	2
1626		
1	6	2
2	13	2
1627		
1	6	2
2	8	1
2	13	2
1628		
1	6	4
2	2	4
1629		
1	6	2
2	13	2
1630		
1	6	2
2	2	2
2	13	2
1631		
1	6	2
2	2	2
2	13	2
4	10	1
1632		
1	6	2
2	13	1
4	5	1
1633		
1	6	2
2	1	1
2	13	2
3	6	2
3	10	1
1634		
1	6	2
3	6	1
4	13	2
1635		
1	6	2
2	1	2
2	2	2
1636		
1	6	2
2	13	2
1637		
1	6	1
2	1	1
2	2	1
1638		
1	6	2
1	7	2
2	7	2
4	10	2
1639		
1	6	1
2	3	1
1640		
1	6	1
2	13	1
1641		
1	6	2
2	3	2
2	13	2
1642		
1	6	1
2	13	1
1643		
1	6	1
2	13	1
1644		
1	6	2
2	8	2
2	13	2
3	10	1
4	10	1
1645		
1	6	1
4	10	1
1646		
1	6	2
2	8	2
4	4	2
1647		
1	6	1
2	1	1
2	2	1
1648		
1	6	2
2	13	2
1649		
1	1	1
1	4	1
1	6	2
2	3	2
2	13	2
3	7	1
4	4	2
1650		
1	6	2
2	1	1
2	2	1
2	13	2
1651		
1	4	1
1	6	2
2	1	2
2	2	2
1652		
1	3	1
1	6	2
2	1	2
2	2	1
2	13	2
1653		
1	1	1
1	6	2
2	1	2
2	2	1
2	13	2
3	7	1
1654		
1	1	1
1	3	1
1	6	2
2	1	2
2	2	1
2	13	2
3	2	1
1655		
1	3	1
1	6	2
2	1	1
2	2	1
2	13	2
1656		
1	6	2
2	1	1
2	2	1
2	13	2
1657		
1	6	2
2	1	2
2	2	1
2	13	1
4	7	1
1658		
1	3	1
1	6	2
2	2	1
2	13	2
1659		
1	6	2
1660		
1	6	2
2	13	1
1661		
1	3	1
1	6	2
2	2	2
1662		
1	6	1
2	4	1
2	5	1
2	13	1
3	2	2
4	5	1
4	10	1
1663		
1	6	2
2	13	2
3	7	1
3	8	1
1664		
1	7	1
2	13	1
1665		
1	7	1
2	8	2
2	13	2
1666		
1	7	2
2	13	2
1667		
1	7	1
2	1	1
2	2	1
2	13	1
1668		
1	7	2
2	13	2
1669		
1	7	2
2	2	2
2	13	2
1670		
1	7	2
2	2	2
2	13	1
1671		
1	7	1
2	13	1
1672		
1	7	1
2	13	1
1673		
1	7	2
2	2	2
2	13	1
1674		
1	7	1
2	1	1
2	2	1
2	13	1
1675		
1	7	2
2	13	2
1676		
1	7	2
2	13	2
1677		
1	7	1
2	1	1
2	2	1
2	13	1
1678		
1	7	2
2	13	2
1679		
1	7	2
2	1	1
2	13	2
1680		
1	7	2
2	13	2
1681		
1	7	2
2	13	2
1682		
1	7	2
2	13	2
1683		
1	7	2
2	2	2
2	13	2
4	10	2
1684		
1	7	1
2	9	2
1685		
1	8	2
2	4	2
1686		
1	8	1
1687		
1	8	1
2	1	1
2	2	1
1688		
1	8	1
2	2	1
1689		
1	8	1
2	2	1
1690		
1	8	2
2	2	2
1691		
1	8	2
2	2	2
2	13	1
1692		
1	8	2
2	2	2
1693		
1	8	1
2	2	1
1694		
1	8	1
1695		
1	8	1
2	2	1
1696		
1	8	1
2	2	1
1697		
1	8	2
1698		
1	8	2
1699		
1	8	2
1700		
1	8	1
1701		
1	8	2
2	2	2
2	13	2
4	10	2
1702		
1	8	2
2	2	2
2	13	2
4	10	2
